   5.0000000000000003E-002  0.50000000000000000      -0.99321699990082524        2.7940316584260578E-003
  0.10000000000000001       0.50000000000000000       -2.2036058587034062       -4.3353698965470970E-002
  0.20000000000000001       0.50000000000000000       -4.6669459827804003      -0.21300399709359938     
  0.29999999999999999       0.50000000000000000       -6.0831902361325501      -0.21273460353295434     
  0.40000000000000002       0.50000000000000000       -5.8855033665828573        7.2950972683229615E-002
  0.50000000000000000       0.50000000000000000       -4.6870413368193784       0.21244127077076241     
  0.59999999999999998       0.50000000000000000       -3.6653481264154903      -0.26395406974544289     
  0.69999999999999996       0.50000000000000000       -3.4744459888238652      -0.97035680302967753     
  0.80000000000000004       0.50000000000000000       -3.5881437193625261      -0.55785160416405144     
  0.90000000000000002       0.50000000000000000       -2.4353305366452052        2.7882013759122835     

